lower_alen={
	location=221
	color={
		64 95 184 
	}
	inland=yes
	outgoing={
		name="dameshead"
		path={
			216 151
		}
		control={
			2756.000000 1449.500000 2785.000000 1452.000000 2805.000000 1459.000000 2832.000000 1470.000000 
		}
	}
	members={
		224 237 239 243 338 221 222 223 341 346 337 220 339 225 240 226 340 217 218 201 202 203 204 195 196 
	}
}

dragon_coast={
	location=1294
	color={
		68 97 136 
	}
	outgoing={
		name="viswall"
		path={
			66 63 
		}
		control={
			2714.000000 1663.000000 2693.000000 1617.000000 
		}
	}
	outgoing={
		name="westport"
		path={
			112 85
		}
		control={
			2620.000000 1599.000000 2555.000000 1506.000000 
		}
	}
	members={
		170 167 145 148 144 169 146 177 178 176 175 172 173 174 181 171 179 180 182 184 183 185 187 186 189 129 142 138 140 122 1294 
	}
}

viswall={
	location=63
	color={
		169 127 74 
	}
	inland=yes
	outgoing={
		name="dameshead"
		path={
			216 151 
		}
		control={
			2756.000000 1449.500000 2785.000000 1452.000000 2805.000000 1459.000000 2832.000000 1470.000000 
		}
	}
	members={
		63 66 130 131 132 136 162 163 161 164 160 159 166 139 137 133 158 152 135 134 7 348 206 210 103 147 165 149 76 12 150 211 213 117 118 71 141 143
	}
}

westport={
	location=1263
	color={
		191 87 197 
	}
	outgoing={
		name="bay_of_wines"
		path={
			223 222 221 1295 1296 1297 
		}
		control={
			2626.000000 1462.000000 2670.000000 1401.000000 2731.000000 1430.000000 
		}
	}
	members={
		58 102 104 105 78 126 128 123 124 125 96 98 75 92 107 87 119 112 110 111 113 121 120 115 116 106 83 82 90 100 91 85 88 99 93 94 127 1263 
	}
}

bay_of_wines={
	location=1292
	color={
		142 65 92 
	}
	outgoing={
		name="anbenncost"
		path={
			40 41 22 21 1269 1270 
		}
		control={
			2760.000000 1441.000000 2813.000000 1434.000000 2822.000000 1478.000000 
		}
	}
	members={
		49 41 101 97 81 84 86 38 72 73 59 33 32 34 40 64 62 70 77 114 108 79 80 95 67 74 68 61 69 89 20 31 44 47 48 
	}
}

dameshead={
	location=1252
	color={
		201 185 131 
	}
	outgoing={
		name="anbenncost"
		path={
			8 52
		}
		control={
			2862.000000 1510.000000 2858.000000 1532.000000 2865.000000 1540.000000 2871.000000 1550.000000 
		}
	}
	members={
		216 251 235 219 249 233 234 214 215 336 212 18 153 154 156 157 65 151 60 155 205 208 3 5 275 269 265 259 260 262 255 254 266 267 333 264 207 209 347 274 279
	}
}

anbenncost={
	location=1270
	color={
		84 162 167 
	}
	members={
		10 13 15 17 28 23 24 27 26 43 46 14 42 57 11 8 168 6 4 2 9 50 51 45 25 276 330 37 277 29 52 53 54 55 56 283 285 286 331 287 282 284 329 296 278 328 281 1270 16 21 30 22 19
	}
	end=yes
}
