hinnuiforest={
	location=3488
	color={
		12 120 52 
	}
	outgoing={
		name="insyaanbasin"
		path={
			1357
		}
		control={
			4150.000000 1475.000000 4240.000000 1425.000000 4290.000000 1425.000000 
		}
	}
	outgoing={
		name="anaqua"
		path={
			1359 
		}
		control={
			4010.000000 1435.000000 3940.000000 1448.000000 3916.000000 1492.000000 
		}
	}
	outgoing={
		name="hinnuijungle"
		path={
			3601
		}
		control={
			4010.000000 1435.000000 3940.000000 1448.000000 3916.000000 1492.000000 
		}
	}
	members={
		6821 6822 6823 6824 6825 6826 6827 6829 6830 6831 6832 6833 6834 6835 6836 6837 6838 6839 6840 6841 6842 6844 6845 6847 6848 5384 5385 5386 5387 5388 5389 5390 5391 5392 5393 6828 6846 
	}
	ai_will_propagate_through_trade=yes
}

insyaanbasin ={
	location=3606
	color={
		13 130 53 
	}
	outgoing={
		name="plateau"
		path={
			3608
		}
		control={
			4150.000000 1475.000000 4240.000000 1425.000000 4290.000000 1425.000000 
		}
	}
	outgoing={
		name="hinnuijungle"
		path={
			3605 
		}
		control={
			4010.000000 1435.000000 3940.000000 1448.000000 3916.000000 1492.000000 
		}
	}
	outgoing={
		name="centralrange"
		path={
			3338
		}
		control={
			4010.000000 1435.000000 3940.000000 1448.000000 3916.000000 1492.000000 
		}
	}
	members={
		6821 6822 6823 6824 6825 6826 6827 6829 6830 6831 6832 6833 6834 6835 6836 6837 6838 6839 6840 6841 6842 6844 6845 6847 6848 5384 5385 5386 5387 5388 5389 5390 5391 5392 5393 6828 6846 
	}
	ai_will_propagate_through_trade=yes
}

plateau ={
	location=3675
	color={
		14 140 54 
	}
	inland=yes
	outgoing={
		name="plateau_coastal"
		path={
			3709
		}
		control={
			4150.000000 1475.000000 4240.000000 1425.000000 4290.000000 1425.000000 
		}
	}
	members={
		6821 6822 6823 6824 6825 6826 6827 6829 6830 6831 6832 6833 6834 6835 6836 6837 6838 6839 6840 6841 6842 6844 6845 6847 6848 5384 5385 5386 5387 5388 5389 5390 5391 5392 5393 6828 6846 
	}
	ai_will_propagate_through_trade=yes
}

plateau_coastal ={
	location=6920
	color={
		15 150 55 
	}
	outgoing={
		name="kanolo"
		path={
			3651
		}
		control={
			4150.000000 1475.000000 4240.000000 1425.000000 4290.000000 1425.000000 
		}
	}	
	outgoing={
		name="horn"
		path={
			6932
		}
		control={
			4150.000000 1475.000000 4240.000000 1425.000000 4290.000000 1425.000000 
		}
	}
	members={
		6821 6822 6823 6824 6825 6826 6827 6829 6830 6831 6832 6833 6834 6835 6836 6837 6838 6839 6840 6841 6842 6844 6845 6847 6848 5384 5385 5386 5387 5388 5389 5390 5391 5392 5393 6828 6846 
	}
	ai_will_propagate_through_trade=yes
}

horn ={
	location=6952
	color={
		16 160 56 
	}
	outgoing={
		name="centralrange"
		path={
			6430
		}
		control={
			4150.000000 1475.000000 4240.000000 1425.000000 4290.000000 1425.000000 
		}
	}	
	outgoing={
		name="mangrove"
		path={
			3575
		}
		control={
			4150.000000 1475.000000 4240.000000 1425.000000 4290.000000 1425.000000 
		}
	}
	members={
		6821 6822 6823 6824 6825 6826 6827 6829 6830 6831 6832 6833 6834 6835 6836 6837 6838 6839 6840 6841 6842 6844 6845 6847 6848 5384 5385 5386 5387 5388 5389 5390 5391 5392 5393 6828 6846 
	}
	ai_will_propagate_through_trade=yes
}

mangrove ={
	location=6971
	color={
		17 170 57 
	}
	outgoing={
		name="kanolo"
		path={
			3570
		}
		control={
			4150.000000 1475.000000 4240.000000 1425.000000 4290.000000 1425.000000 
		}
	}	
	outgoing={
		name="chile"
		path={
			3542
		}
		control={
			4150.000000 1475.000000 4240.000000 1425.000000 4290.000000 1425.000000 
		}
	}
	members={
		6821 6822 6823 6824 6825 6826 6827 6829 6830 6831 6832 6833 6834 6835 6836 6837 6838 6839 6840 6841 6842 6844 6845 6847 6848 5384 5385 5386 5387 5388 5389 5390 5391 5392 5393 6828 6846 
	}
	ai_will_propagate_through_trade=yes
}

chile ={
	location=6474
	color={
		18 180 58 
	}
	outgoing={
		name="savanah"
		path={
			6941
		}
		control={
			4150.000000 1475.000000 4240.000000 1425.000000 4290.000000 1425.000000 
		}
	}
	members={
		6821 6822 6823 6824 6825 6826 6827 6829 6830 6831 6832 6833 6834 6835 6836 6837 6838 6839 6840 6841 6842 6844 6845 6847 6848 5384 5385 5386 5387 5388 5389 5390 5391 5392 5393 6828 6846 
	}
	ai_will_propagate_through_trade=yes
}

centralrange ={
	location=6380
	color={
		19 190 59 
	}
	inland=yes
	outgoing={
		name="savanah"
		path={
			6439
		}
		control={
			4150.000000 1475.000000 4240.000000 1425.000000 4290.000000 1425.000000 
		}
	}
	members={
		6821 6822 6823 6824 6825 6826 6827 6829 6830 6831 6832 6833 6834 6835 6836 6837 6838 6839 6840 6841 6842 6844 6845 6847 6848 5384 5385 5386 5387 5388 5389 5390 5391 5392 5393 6828 6846 
	}
	ai_will_propagate_through_trade=yes
}

savanah ={
	location=3448
	color={
		20 200 60 
	}
	outgoing={
		name="hinnuijungle"
		path={
			3593
		}
		control={
			4150.000000 1475.000000 4240.000000 1425.000000 4290.000000 1425.000000 
		}
	}
	members={
		6821 6822 6823 6824 6825 6826 6827 6829 6830 6831 6832 6833 6834 6835 6836 6837 6838 6839 6840 6841 6842 6844 6845 6847 6848 5384 5385 5386 5387 5388 5389 5390 5391 5392 5393 6828 6846 
	}
	ai_will_propagate_through_trade=yes
}

hinnuijungle ={
	location=3448
	color={
		20 200 60 
	}
	outgoing={
		name="anaqua"
		path={
			3599
		}
		control={
			4150.000000 1475.000000 4240.000000 1425.000000 4290.000000 1425.000000 
		}
	}
	members={
		6821 6822 6823 6824 6825 6826 6827 6829 6830 6831 6832 6833 6834 6835 6836 6837 6838 6839 6840 6841 6842 6844 6845 6847 6848 5384 5385 5386 5387 5388 5389 5390 5391 5392 5393 6828 6846 
	}
	ai_will_propagate_through_trade=yes
}

kanolo ={
	location=6181
	color={
		21 201 61 
	}
	outgoing={
		name="anaqua"
		path={
			3643
		}
		control={
			4150.000000 1475.000000 4240.000000 1425.000000 4290.000000 1425.000000 
		}
	}
	members={
		6821 6822 6823 6824 6825 6826 6827 6829 6830 6831 6832 6833 6834 6835 6836 6837 6838 6839 6840 6841 6842 6844 6845 6847 6848 5384 5385 5386 5387 5388 5389 5390 5391 5392 5393 6828 6846 
	}
	ai_will_propagate_through_trade=yes
}

kanolo ={
	location=6210
	color={
		22 202 62 
	}
	members={
		6821 6822 6823 6824 6825 6826 6827 6829 6830 6831 6832 6833 6834 6835 6836 6837 6838 6839 6840 6841 6842 6844 6845 6847 6848 5384 5385 5386 5387 5388 5389 5390 5391 5392 5393 6828 6846 
	}
	end=yes
	ai_will_propagate_through_trade=yes
}