
golden_highway_bulwar_proper = {
	565 567 572 561 584 596 598 600 601 602 608 613 628
}
golden_highway_far_bulwar = {
	625 626 627 631 634 639 640 641 642 643 647 558 585
}
golden_highway_far_salahad = {
	2900 2901 2902 2905 2908 2910 2913
}

irrigation_dwarovar = {
	4125 4129 4123 4142 4131 4143 4158 4151 4152 4166 4164 4145
}

west_dolindha = {
	1823 2842 1824 1818 1820 1819 2809 1187 1188 1186 2813 1167 2808 2812 1168 1169 1170 1182 1755
}

east_dolindha = {
	1166 2811 2837 1165 2862 2839 1172 2814 1171 1180 2742 2840 2488 2838
}

harimraj_core_lands = {
	4390 4418 4419 4421 4417 4392 4393 4391 4421 4422 4425 4424 4423 4416 4404 4394 4405 4410 4413 4438
	4415 4414 4412 4411 4385 4379 4378 4368 4426 4428 4429 4432 4431 4430 4427 4433 4434 4435 4436 4441
	4399 4398 4406 4407 4408 4490
}